 240   88  244   90    0    0    0 
 244   90  251   92    0    0    0 
 251   92  257   93    0    0    0 
 257   93  264   93    0    0    0 
 264   93  279   96    0    0    0 
 279   96  291   98    0    0    0 
 291   98  304   99    0    0    0 
 304   99  327  103    0    0    0 
 327  103  343  106    0    0    0 
 343  106  360  108    0    0    0 
 360  108  385  114    0    0    0 
 385  114  396  117    0    0    0 
 396  117  404  121    0    0    0 
 404  121  410  125    0    0    0 
 410  125  414  131    0    0    0 
 414  131  415  138    0    0    0 
 415  138  415  147    0    0    0 
 415  147  411  164    0    0    0 
 411  164  405  177    0    0    0 
 405  177  398  190    0    0    0 
 398  190  383  212    0    0    0 
 383  212  373  223    0    0    0 
 373  223  363  233    0    0    0 
 363  233  340  249    0    0    0 
 340  249  322  259    0    0    0 
 322  259  299  268    0    0    0 
 299  268  261  277    0    0    0 
 261  277  238  282    0    0    0 
 238  282  217  284    0    0    0 
 217  284  193  284    0    0    0 
 193  284  183  284    0    0    0 
 183  284  178  284    0    0    0 
 178  284  172  282    0    0    0 
 172  282  171  282    0    0    0 
 171  282  171  281    0    0    0 
 171  281  172  279    0    0    0 
 172  279  174  276    0    0    0 
 174  276  180  269    0    0    0 
 180  269  184  263    0    0    0 
 184  263  188  257    0    0    0 
 188  257  194  248    0    0    0 
 194  248  198  245    0    0    0 
 198  245  199  243    0    0    0 
 199  243  200  241    0    0    0 
 200  241  200  240    0    0    0 
 200  240  202  240    0    0    0 
 202  240  208  241    0    0    0 
 208  241  239  244    0    0    0 
 239  244  277  244    0    0    0 
 277  244  330  235    0    0    0 
 330  235  416  211    0    0    0 
 416  211  476  188    0    0    0 
 476  188  536  168    0    0    0 
 536  168  597  138    0    0    0 
 597  138  623  125    0    0    0 
 623  125  634  121    0    0    0 
 634  121  638  117    0    0    0 
 638  117  637  116    0    0    0 
 637  116  634  116    0    0    0 
 634  116  628  116    0    0    0 
 628  116  618  121    0    0    0 
 618  121  604  128    0    0    0 
 604  128  569  148    0    0    0 
 569  148  537  164    0    0    0 
 537  164  484  192    0    0    0 
 484  192  445  209    0    0    0 
 445  209  409  226    0    0    0 
 409  226  359  243    0    0    0 
 359  243  337  251    0    0    0 
 337  251  326  254    0    0    0 
 326  254  322  254    0    0    0 
 322  254  323  251    0    0    0 
 323  251  335  237    0    0    0 
 335  237  346  225    0    0    0 
 346  225  359  210    0    0    0 
 359  210  388  185    0    0    0 
 388  185  407  170    0    0    0 
 407  170  424  159    0    0    0 
 424  159  440  148    0    0    0 
 440  148  443  146    0    0    0 
 443  146  444  146    0    0    0 
 444  146  435  150    0    0    0 
 435  150  422  157    0    0    0 
 422  157  402  166    0    0    0 
 402  166  377  177    0    0    0 
 377  177  335  192    0    0    0 
 335  192  310  195    0    0    0 
 310  195  295  196    0    0    0 
 295  196  284  193    0    0    0 
 284  193  280  189    0    0    0 
 280  189  280  185    0    0    0 
 280  185  282  178    0    0    0 
 282  178  290  169    0    0    0 
 290  169  304  158    0    0    0 
 304  158  333  139    0    0    0 
 333  139  359  127    0    0    0 
 359  127  383  121    0    0    0 
 383  121  427  121    0    0    0 
 427  121  453  125    0    0    0 
 453  125  473  134    0    0    0 
 473  134  496  151    0    0    0 
 496  151  502  161    0    0    0 
 502  161  504  171    0    0    0 
 504  171  504  185    0    0    0 
 504  185  500  198    0    0    0 
 500  198  491  214    0    0    0 
 491  214  463  248    0    0    0 
 463  248  443  263    0    0    0 
 443  263  422  275    0    0    0 
 422  275  394  285    0    0    0 
 394  285  382  286    0    0    0 
 382  286  372  286    0    0    0 
 372  286  362  285    0    0    0 
 362  285  359  282    0    0    0 
 359  282  357  280    0    0    0 
 357  280  357  276    0    0    0 
 357  276  360  271    0    0    0 
 360  271  364  264    0    0    0 
 364  264  381  251    0    0    0 
 381  251  407  238    0    0    0 
 407  238  441  225    0    0    0 
 441  225  507  213    0    0    0 
 507  213  553  213    0    0    0 
 553  213  593  217    0    0    0 
 593  217  648  242    0    0    0 
 648  242  671  261    0    0    0 
 671  261  684  281    0    0    0 
 684  281  689  309    0    0    0 
 689  309  688  325    0    0    0 
 688  325  679  342    0    0    0 
 679  342  649  376    0    0    0 
 649  376  625  393    0    0    0 
 625  393  601  405    0    0    0 
 601  405  561  414    0    0    0 
 561  414  545  414    0    0    0 
 545  414  528  414    0    0    0 
 528  414  513  409    0    0    0 
 513  409  490  397    0    0    0 
 490  397  481  388    0    0    0 
 481  388  472  376    0    0    0 
 472  376  467  368    0    0    0 
 467  368  465  361    0    0    0 
 465  361  465  353    0    0    0 
 465  353  465  342    0    0    0 
 465  342  470  330    0    0    0 
 470  330  475  318    0    0    0 
 475  318  483  300    0    0    0 
 483  300  490  290    0    0    0 
 490  290  495  283    0    0    0 
 495  283  499  277    0    0    0 
 499  277  499  273    0    0    0 
 499  273  499  270    0    0    0 
  77   83  198  215    1    0    0 
 195  327  382  478    2    0    0 
 410  152  685  357    2    0    0 
 469   41  282  160    2    0    0 
